16.5 28.5 2.4 0.0 1.09595822639 0.5 200. 600. 50. 2000. 2000. 0. 0.33 0.33 0. 
31.5 43.5 2.4 0.0 1.09595822639 0.5 200. 600. 50. 2000. 2000. 0. 0.33 0.33 0. 
46.5 58.5 2.4 0.0 1.09595822639 0.5 200. 600. 50. 2000. 2000. 0. 0.33 0.33 0. 
61.5 73.5 2.4 0.0 1.09595822639 0.5 200. 600. 50. 2000. 2000. 0. 0.33 0.33 0. 
76.5 88.5 2.4 0.0 1.09595822639 0.5 200. 600. 50. 2000. 2000. 0. 0.33 0.33 0. 
91.5 103.5 2.4 0.0 1.09595822639 0.5 200. 600. 50. 2000. 2000. 0. 0.33 0.33 0. 
106.5 118.5 2.4 0.0 1.09595822639 0.5 200. 600. 50. 2000. 2000. 0. 0.33 0.33 0. 
121.5 133.5 2.4 0.0 1.09595822639 0.5 200. 600. 50. 2000. 2000. 0. 0.33 0.33 0. 
16.5 28.5 2.4 1.09595822639 2.40224886796 0.5 200. 600. 50. 2000. 2000. 0. 0.33 0.33 0. 
31.5 43.5 2.4 1.09595822639 2.40224886796 0.5 200. 600. 50. 2000. 2000. 0. 0.33 0.33 0. 
46.5 58.5 2.4 1.09595822639 2.40224886796 0.5 200. 600. 50. 2000. 2000. 0. 0.33 0.33 0. 
61.5 73.5 2.4 1.09595822639 2.40224886796 0.5 200. 600. 50. 2000. 2000. 0. 0.33 0.33 0. 
76.5 88.5 2.4 1.09595822639 2.40224886796 0.5 200. 600. 50. 2000. 2000. 0. 0.33 0.33 0. 
91.5 103.5 2.4 1.09595822639 2.40224886796 0.5 200. 600. 50. 2000. 2000. 0. 0.33 0.33 0. 
106.5 118.5 2.4 1.09595822639 2.40224886796 0.5 200. 600. 50. 2000. 2000. 0. 0.33 0.33 0. 
121.5 133.5 2.4 1.09595822639 2.40224886796 0.5 200. 600. 50. 2000. 2000. 0. 0.33 0.33 0. 
16.5 28.5 2.4 2.40224886796 3.949146613 0.5 200. 1200. 100. 2000. 2000. 0. 0.33 0.33 0.
31.5 43.5 2.4 2.40224886796 3.949146613 0.5 200. 1200. 100. 2000. 2000. 0. 0.33 0.33 0.
46.5 58.5 2.4 2.40224886796 3.949146613 0.5 200. 1200. 100. 2000. 2000. 0. 0.33 0.33 0.
61.5 73.5 2.4 2.40224886796 3.949146613 0.5 200. 1200. 100. 2000. 2000. 0. 0.33 0.33 0.
76.5 88.5 2.4 2.40224886796 3.949146613 0.5 200. 1200. 100. 2000. 2000. 0. 0.33 0.33 0.
91.5 103.5 2.4 2.40224886796 3.949146613 0.5 200. 1200. 100. 2000. 2000. 0. 0.33 0.33 0.
106.5 118.5 2.4 2.40224886796 3.949146613 0.5 200. 1200. 100. 2000. 2000. 0. 0.33 0.33 0.
121.5 133.5 2.4 2.40224886796 3.949146613 0.5 200. 1200. 100. 2000. 2000. 0. 0.33 0.33 0.
16.5 28.5 2.4 3.949146613 5.77079962363 0.5 200. 1200. 100. 2000. 2000. 0. 0.33 0.33 0.
31.5 43.5 2.4 3.949146613 5.77079962363 0.5 200. 1200. 100. 2000. 2000. 0. 0.33 0.33 0.
46.5 58.5 2.4 3.949146613 5.77079962363 0.5 200. 1200. 100. 2000. 2000. 0. 0.33 0.33 0.
61.5 73.5 2.4 3.949146613 5.77079962363 0.5 200. 1200. 100. 2000. 2000. 0. 0.33 0.33 0.
76.5 88.5 2.4 3.949146613 5.77079962363 0.5 200. 1200. 100. 2000. 2000. 0. 0.33 0.33 0.
91.5 103.5 2.4 3.949146613 5.77079962363 0.5 200. 1200. 100. 2000. 2000. 0. 0.33 0.33 0.
106.5 118.5 2.4 3.949146613 5.77079962363 0.5 200. 1200. 100. 2000. 2000. 0. 0.33 0.33 0.
121.5 133.5 2.4 3.949146613 5.77079962363 0.5 200. 1200. 100. 2000. 2000. 0. 0.33 0.33 0.
16.5 28.5 2.4 5.77079962363 7.90569415042 0.5 200. 1200. 100. 2000. 2000. 0. 0.33 0.33 0.
31.5 43.5 2.4 5.77079962363 7.90569415042 0.5 200. 1200. 100. 2000. 2000. 0. 0.33 0.33 0.
46.5 58.5 2.4 5.77079962363 7.90569415042 0.5 200. 1200. 100. 2000. 2000. 0. 0.33 0.33 0.
61.5 73.5 2.4 5.77079962363 7.90569415042 0.5 200. 1200. 100. 2000. 2000. 0. 0.33 0.33 0.
76.5 88.5 2.4 5.77079962363 7.90569415042 0.5 200. 1200. 100. 2000. 2000. 0. 0.33 0.33 0.
91.5 103.5 2.4 5.77079962363 7.90569415042 0.5 200. 1200. 100. 2000. 2000. 0. 0.33 0.33 0.
106.5 118.5 2.4 5.77079962363 7.90569415042 0.5 200. 1200. 100. 2000. 2000. 0. 0.33 0.33 0.
121.5 133.5 2.4 5.77079962363 7.90569415042 0.5 200. 1200. 100. 2000. 2000. 0. 0.33 0.33 0.
16.5 28.5 2.4 7.90569415042 10.3971726473 0.5 200. 1200. 100. 2000. 2000. 0. 0.33 0.33 0.
31.5 43.5 2.4 7.90569415042 10.3971726473 0.5 200. 1200. 100. 2000. 2000. 0. 0.33 0.33 0.
46.5 58.5 2.4 7.90569415042 10.3971726473 0.5 200. 1200. 100. 2000. 2000. 0. 0.33 0.33 0.
61.5 73.5 2.4 7.90569415042 10.3971726473 0.5 200. 1200. 100. 2000. 2000. 0. 0.33 0.33 0.
76.5 88.5 2.4 7.90569415042 10.3971726473 0.5 200. 1200. 100. 2000. 2000. 0. 0.33 0.33 0.
91.5 103.5 2.4 7.90569415042 10.3971726473 0.5 200. 1200. 100. 2000. 2000. 0. 0.33 0.33 0.
106.5 118.5 2.4 7.90569415042 10.3971726473 0.5 200. 1200. 100. 2000. 2000. 0. 0.33 0.33 0.
121.5 133.5 2.4 7.90569415042 10.3971726473 0.5 200. 1200. 100. 2000. 2000. 0. 0.33 0.33 0.
16.5 28.5 2.4 10.3971726473 13.2940113763 0.579367745798 200. 1200. 100. 2000. 2000. 0. 0.33 0.33 0.
31.5 43.5 2.4 10.3971726473 13.2940113763 0.579367745798 200. 1200. 100. 2000. 2000. 0. 0.33 0.33 0.
46.5 58.5 2.4 10.3971726473 13.2940113763 0.579367745798 200. 1200. 100. 2000. 2000. 0. 0.33 0.33 0.
61.5 73.5 2.4 10.3971726473 13.2940113763 0.579367745798 200. 1200. 100. 2000. 2000. 0. 0.33 0.33 0.
76.5 88.5 2.4 10.3971726473 13.2940113763 0.579367745798 200. 1200. 100. 2000. 2000. 0. 0.33 0.33 0.
91.5 103.5 2.4 10.3971726473 13.2940113763 0.579367745798 200. 1200. 100. 2000. 2000. 0. 0.33 0.33 0.
106.5 118.5 2.4 10.3971726473 13.2940113763 0.579367745798 200. 1200. 100. 2000. 2000. 0. 0.33 0.33 0.
121.5 133.5 2.4 10.3971726473 13.2940113763 0.579367745798 200. 1200. 100. 2000. 2000. 0. 0.33 0.33 0.
16.5 28.5 2.4 13.2940113763 16.651064148 0.671410554344 200. 1200. 100. 2000. 2000. 0. 0.33 0.33 0.
31.5 43.5 2.4 13.2940113763 16.651064148 0.671410554344 200. 1200. 100. 2000. 2000. 0. 0.33 0.33 0.
46.5 58.5 2.4 13.2940113763 16.651064148 0.671410554344 200. 1200. 100. 2000. 2000. 0. 0.33 0.33 0.
61.5 73.5 2.4 13.2940113763 16.651064148 0.671410554344 200. 1200. 100. 2000. 2000. 0. 0.33 0.33 0.
76.5 88.5 2.4 13.2940113763 16.651064148 0.671410554344 200. 1200. 100. 2000. 2000. 0. 0.33 0.33 0.
91.5 103.5 2.4 13.2940113763 16.651064148 0.671410554344 200. 1200. 100. 2000. 2000. 0. 0.33 0.33 0.
106.5 118.5 2.4 13.2940113763 16.651064148 0.671410554344 200. 1200. 100. 2000. 2000. 0. 0.33 0.33 0.
121.5 133.5 2.4 13.2940113763 16.651064148 0.671410554344 200. 1200. 100. 2000. 2000. 0. 0.33 0.33 0.
16.5 28.5 2.4 16.651064148 20.5299795725 0.775783084892 200. 1200. 100. 2000. 2000. 0. 0.33 0.33 0.
31.5 43.5 2.4 16.651064148 20.5299795725 0.775783084892 200. 1200. 100. 2000. 2000. 0. 0.33 0.33 0.
46.5 58.5 2.4 16.651064148 20.5299795725 0.775783084892 200. 1200. 100. 2000. 2000. 0. 0.33 0.33 0.
61.5 73.5 2.4 16.651064148 20.5299795725 0.775783084892 200. 1200. 100. 2000. 2000. 0. 0.33 0.33 0.
76.5 88.5 2.4 16.651064148 20.5299795725 0.775783084892 200. 1200. 100. 2000. 2000. 0. 0.33 0.33 0.
91.5 103.5 2.4 16.651064148 20.5299795725 0.775783084892 200. 1200. 100. 2000. 2000. 0. 0.33 0.33 0.
106.5 118.5 2.4 16.651064148 20.5299795725 0.775783084892 200. 1200. 100. 2000. 2000. 0. 0.33 0.33 0.
121.5 133.5 2.4 16.651064148 20.5299795725 0.775783084892 200. 1200. 100. 2000. 2000. 0. 0.33 0.33 0.
16.5 28.5 2.4 20.5299795725 25.0 0.8940040855 200. 1200. 100. 2000. 2000. 0. 0.33 0.33 0.
31.5 43.5 2.4 20.5299795725 25.0 0.8940040855 200. 1200. 100. 2000. 2000. 0. 0.33 0.33 0.
46.5 58.5 2.4 20.5299795725 25.0 0.8940040855 200. 1200. 100. 2000. 2000. 0. 0.33 0.33 0.
61.5 73.5 2.4 20.5299795725 25.0 0.8940040855 200. 1200. 100. 2000. 2000. 0. 0.33 0.33 0.
76.5 88.5 2.4 20.5299795725 25.0 0.8940040855 200. 1200. 100. 2000. 2000. 0. 0.33 0.33 0.
91.5 103.5 2.4 20.5299795725 25.0 0.8940040855 200. 1200. 100. 2000. 2000. 0. 0.33 0.33 0.
106.5 118.5 2.4 20.5299795725 25.0 0.8940040855 200. 1200. 100. 2000. 2000. 0. 0.33 0.33 0.
121.5 133.5 2.4 20.5299795725 25.0 0.8940040855 200. 1200. 100. 2000. 2000. 0. 0.33 0.33 0.
