2.0 18.0 3.2 0.0 1.58113883008 0.5 200. 600. 80. 2000. 2000. 0. 0.33 0.33 0.
22.0 38.0 3.2 0.0 1.58113883008 0.5 200. 600. 80. 2000. 2000. 0. 0.33 0.33 0.
42.0 58.0 3.2 0.0 1.58113883008 0.5 200. 600. 80. 2000. 2000. 0. 0.33 0.33 0.
62.0 78.0 3.2 0.0 1.58113883008 0.5 200. 600. 80. 2000. 2000. 0. 0.33 0.33 0.
82.0 98.0 3.2 0.0 1.58113883008 0.5 200. 600. 80. 2000. 2000. 0. 0.33 0.33 0.
102.0 118.0 3.2 0.0 1.58113883008 0.5 200. 600. 80. 2000. 2000. 0. 0.33 0.33 0.
122.0 138.0 3.2 0.0 1.58113883008 0.5 200. 600. 80. 2000. 2000. 0. 0.33 0.33 0.
2.0 18.0 3.2 1.58113883008 5.0 0.683772233983 200. 600. 80. 2000. 2000. 0. 0.33 0.33 0.
22.0 38.0 3.2 1.58113883008 5.0 0.683772233983 200. 600. 80. 2000. 2000. 0. 0.33 0.33 0.
42.0 58.0 3.2 1.58113883008 5.0 0.683772233983 200. 600. 80. 2000. 2000. 0. 0.33 0.33 0.
62.0 78.0 3.2 1.58113883008 5.0 0.683772233983 200. 600. 80. 2000. 2000. 0. 0.33 0.33 0.
82.0 98.0 3.2 1.58113883008 5.0 0.683772233983 200. 600. 80. 2000. 2000. 0. 0.33 0.33 0.
102.0 118.0 3.2 1.58113883008 5.0 0.683772233983 200. 600. 80. 2000. 2000. 0. 0.33 0.33 0.
122.0 138.0 3.2 1.58113883008 5.0 0.683772233983 200. 600. 80. 2000. 2000. 0. 0.33 0.33 0.
2.0 18.0 3.2 5.0 11.8585412256 1.37170824513 200. 1200. 200. 2000. 2000. 0. 0.33 0.33 0.
22.0 38.0 3.2 5.0 11.8585412256 1.37170824513 200. 1200. 200. 2000. 2000. 0. 0.33 0.33 0.
42.0 58.0 3.2 5.0 11.8585412256 1.37170824513 200. 1200. 200. 2000. 2000. 0. 0.33 0.33 0.
62.0 78.0 3.2 5.0 11.8585412256 1.37170824513 200. 1200. 200. 2000. 2000. 0. 0.33 0.33 0.
82.0 98.0 3.2 5.0 11.8585412256 1.37170824513 200. 1200. 200. 2000. 2000. 0. 0.33 0.33 0.
102.0 118.0 3.2 5.0 11.8585412256 1.37170824513 200. 1200. 200. 2000. 2000. 0. 0.33 0.33 0.
122.0 138.0 3.2 5.0 11.8585412256 1.37170824513 200. 1200. 200. 2000. 2000. 0. 0.33 0.33 0.
2.0 18.0 3.2 11.8585412256 25.0 2.62829175487 200. 1200. 200. 2000. 2000. 0. 0.33 0.33 0.
22.0 38.0 3.2 11.8585412256 25.0 2.62829175487 200. 1200. 200. 2000. 2000. 0. 0.33 0.33 0.
42.0 58.0 3.2 11.8585412256 25.0 2.62829175487 200. 1200. 200. 2000. 2000. 0. 0.33 0.33 0.
62.0 78.0 3.2 11.8585412256 25.0 2.62829175487 200. 1200. 200. 2000. 2000. 0. 0.33 0.33 0.
82.0 98.0 3.2 11.8585412256 25.0 2.62829175487 200. 1200. 200. 2000. 2000. 0. 0.33 0.33 0.
102.0 118.0 3.2 11.8585412256 25.0 2.62829175487 200. 1200. 200. 2000. 2000. 0. 0.33 0.33 0.
122.0 138.0 3.2 11.8585412256 25.0 2.62829175487 200. 1200. 200. 2000. 2000. 0. 0.33 0.33 0.
